epoch:0 0.3414  0.7130  0.2667  0.1861  0.2969  0.3628  0.3361  0.4887  0.4965  0.3113  0.4297  0.5214  0.6719  0.020000
epoch:1 0.4273  0.7541  0.4433  0.1992  0.3607  0.4583  0.3927  0.5784  0.5917  0.3796  0.5223  0.6172  0.3405  0.020000
epoch:2 0.4506  0.7687  0.4778  0.2157  0.3734  0.4884  0.4019  0.5886  0.5993  0.3689  0.5351  0.6287  0.2935  0.020000
epoch:3 0.4614  0.7716  0.5016  0.1991  0.3794  0.5009  0.4132  0.5953  0.6057  0.3450  0.5226  0.6414  0.2656  0.020000
epoch:4 0.4773  0.7835  0.5267  0.2281  0.3878  0.5201  0.4210  0.6070  0.6170  0.3800  0.5370  0.6562  0.2443  0.020000
epoch:5 0.4731  0.7769  0.5177  0.2119  0.3731  0.5199  0.4204  0.6013  0.6096  0.3492  0.5216  0.6483  0.2248  0.020000
epoch:6 0.4785  0.7822  0.5260  0.1825  0.3745  0.5281  0.4252  0.6065  0.6138  0.3292  0.5200  0.6569  0.2101  0.020000
epoch:7 0.5094  0.7938  0.5661  0.2105  0.4010  0.5593  0.4408  0.6243  0.6320  0.3393  0.5331  0.6769  0.1816  0.002000
epoch:8 0.5110  0.7957  0.5664  0.2161  0.4011  0.5608  0.4422  0.6236  0.6312  0.3423  0.5269  0.6767  0.1728  0.002000
epoch:9 0.5143  0.7949  0.5748  0.2100  0.4041  0.5638  0.4435  0.6254  0.6324  0.3429  0.5292  0.6778  0.1697  0.002000
epoch:10 0.5149  0.7955  0.5760  0.2099  0.4013  0.5661  0.4433  0.6226  0.6293  0.3249  0.5222  0.6769  0.1668  0.002000
epoch:11 0.5143  0.7940  0.5715  0.2079  0.4025  0.5645  0.4431  0.6234  0.6299  0.3241  0.5238  0.6762  0.1633  0.002000
epoch:12 0.5147  0.7946  0.5694  0.2097  0.3993  0.5653  0.4444  0.6229  0.6291  0.3256  0.5209  0.6768  0.1616  0.000200
epoch:13 0.5148  0.7948  0.5722  0.2058  0.4010  0.5661  0.4437  0.6224  0.6288  0.3216  0.5222  0.6771  0.1598  0.000200
epoch:14 0.5163  0.7954  0.5743  0.2140  0.4019  0.5672  0.4440  0.6238  0.6300  0.3308  0.5180  0.6784  0.1587  0.000200
epoch:15 0.5158  0.7954  0.5731  0.2099  0.4014  0.5674  0.4435  0.6245  0.6303  0.3226  0.5223  0.6784  0.1598  0.000200
epoch:16 0.5147  0.7938  0.5724  0.2064  0.3994  0.5664  0.4440  0.6209  0.6271  0.3219  0.5151  0.6759  0.1597  0.000200
epoch:17 0.5174  0.7958  0.5736  0.2091  0.4022  0.5676  0.4444  0.6241  0.6303  0.3288  0.5235  0.6777  0.1593  0.000200
epoch:18 0.5155  0.7944  0.5733  0.2099  0.4031  0.5660  0.4441  0.6229  0.6294  0.3334  0.5232  0.6765  0.1589  0.000200
epoch:19 0.5174  0.7948  0.5749  0.2089  0.3992  0.5691  0.4454  0.6250  0.6312  0.3251  0.5217  0.6793  0.1577  0.000200
